*  FILE IDENTIFICATION:
*  name       : D:\UserData\Wesseling\NHI2015\Output\staro7.csv
*  version    : 1.0
*  date       : 29-May-2015 09:06:20
*  created by : J.G.Wesseling
*  module     : staro7
*  head   = soil pressure head (cm)
*  theta  = volume fraction of soil moisture (-)
*  conduc = soil hydraulic conductivity (cm/d)
* ------------------------------------------------------------------------
headtab,thetatab,conductab
-1.0000000000E+07, 6.7690010292E-02, 1.0000000000E-12
-7.9432823472E+06, 7.2497121407E-02, 3.6051331916E-12
-6.3095734448E+06, 7.7312786359E-02, 1.2789603068E-11
-5.0118723363E+06, 8.2145558984E-02, 4.3936119097E-11
-3.9810717055E+06, 8.7003993119E-02, 1.4382342664E-10
-3.1622776602E+06, 9.1896642602E-02, 4.4146402686E-10
-2.5118864315E+06, 9.6832061268E-02, 1.2503546003E-09
-1.9952623150E+06, 1.0181880295E-01, 3.2155679901E-09
-1.5848931925E+06, 1.0686542150E-01, 7.3889590425E-09
-1.2589254118E+06, 1.1198047074E-01, 1.4942858039E-08
-1.0000000000E+06, 1.1717250450E-01, 2.6669766305E-08
-7.9432823472E+05, 1.2245007664E-01, 4.2808184881E-08
-6.3095734448E+05, 1.2782174098E-01, 6.3007200811E-08
-5.0118723363E+05, 1.3329605136E-01, 8.6704778266E-08
-3.9810717055E+05, 1.3888156162E-01, 1.1374152762E-07
-3.1622776602E+05, 1.4458682559E-01, 1.4502803594E-07
-2.5118864315E+05, 1.5042039711E-01, 1.8326328332E-07
-1.9952623150E+05, 1.5639083002E-01, 2.3400398558E-07
-1.5848931925E+05, 1.6250667816E-01, 3.0742532120E-07
-1.2589254118E+05, 1.6877649536E-01, 4.1750302754E-07
-1.0000000000E+05, 1.7520883545E-01, 5.8440310345E-07
-7.9432823472E+04, 1.8181225228E-01, 8.4059986748E-07
-6.3095734448E+04, 1.8859529968E-01, 1.2387425867E-06
-5.0118723363E+04, 1.9556653149E-01, 1.8645704438E-06
-3.9810717055E+04, 2.0273450154E-01, 2.8580743838E-06
-3.1622776602E+04, 2.1010776368E-01, 4.4479130836E-06
-2.5118864315E+04, 2.1769487173E-01, 7.0067741344E-06
-1.9952623150E+04, 2.2550437954E-01, 1.1139098230E-05
-1.5848931925E+04, 2.3354484094E-01, 1.7817348212E-05
-1.5488166189E+04, 2.3436191885E-01, 1.8678342606E-05
-1.5135612484E+04, 2.3518140039E-01, 1.9581493785E-05
-1.4791083882E+04, 2.3600329411E-01, 2.0528830298E-05
-1.4454397707E+04, 2.3682760857E-01, 2.1522473645E-05
-1.4125375446E+04, 2.3765435231E-01, 2.2564642140E-05
-1.3803842646E+04, 2.3848353390E-01, 2.3657654911E-05
-1.3489628826E+04, 2.3931516189E-01, 2.4803936018E-05
-1.3182567386E+04, 2.4014924483E-01, 2.6006018727E-05
-1.2882495517E+04, 2.4098579127E-01, 2.7266549903E-05
-1.2589254118E+04, 2.4182480977E-01, 2.8588294555E-05
-1.2302687708E+04, 2.4266630888E-01, 2.9974140593E-05
-1.2022644346E+04, 2.4351029717E-01, 3.1427124668E-05
-1.1748975549E+04, 2.4435678317E-01, 3.2950471007E-05
-1.1481536215E+04, 2.4520577544E-01, 3.4547563497E-05
-1.1220184543E+04, 2.4605728254E-01, 3.6221946642E-05
-1.0964781961E+04, 2.4691131303E-01, 3.7977333040E-05
-1.0715193052E+04, 2.4776787545E-01, 3.9817611187E-05
-1.0471285481E+04, 2.4862697836E-01, 4.1746853644E-05
-1.0232929923E+04, 2.4948863031E-01, 4.3769325565E-05
-1.0000000000E+04, 2.5035283986E-01, 4.5889493610E-05
-9.7723722096E+03, 2.5121961557E-01, 4.8112035256E-05
-9.5499258602E+03, 2.5208896597E-01, 5.0441848533E-05
-9.3325430080E+03, 2.5296089964E-01, 5.2884062185E-05
-9.1201083936E+03, 2.5383542512E-01, 5.5444046290E-05
-8.9125093813E+03, 2.5471255096E-01, 5.8127423357E-05
-8.7096358996E+03, 2.5559228572E-01, 6.0940079905E-05
-8.5113803820E+03, 2.5647463796E-01, 6.3888178570E-05
-8.3176377110E+03, 2.5735961623E-01, 6.6978170737E-05
-8.1283051616E+03, 2.5824722908E-01, 7.0216809736E-05
-7.9432823472E+03, 2.5913748506E-01, 7.3611164622E-05
-7.7624711663E+03, 2.6003039273E-01, 7.7168634553E-05
-7.5857757503E+03, 2.6092596065E-01, 8.0896963811E-05
-7.4131024130E+03, 2.6182419736E-01, 8.4804257477E-05
-7.2443596008E+03, 2.6272511143E-01, 8.8898997786E-05
-7.0794578438E+03, 2.6362871140E-01, 9.3190061207E-05
-6.9183097092E+03, 2.6453500582E-01, 9.7686736261E-05
-6.7608297539E+03, 2.6544400326E-01, 1.0239874211E-04
-6.6069344801E+03, 2.6635571227E-01, 1.0733624797E-04
-6.4565422903E+03, 2.6727014140E-01, 1.1250989334E-04
-6.3095734448E+03, 2.6818729920E-01, 1.1793080910E-04
-6.1659500186E+03, 2.6910719422E-01, 1.2361063958E-04
-6.0255958607E+03, 2.7002983503E-01, 1.2956156550E-04
-5.8884365536E+03, 2.7095523018E-01, 1.3579632792E-04
-5.7543993734E+03, 2.7188338821E-01, 1.4232825324E-04
-5.6234132519E+03, 2.7281431769E-01, 1.4917127923E-04
-5.4954087386E+03, 2.7374802716E-01, 1.5633998221E-04
-5.3703179637E+03, 2.7468452519E-01, 1.6384960534E-04
-5.2480746025E+03, 2.7562382032E-01, 1.7171608813E-04
-5.1286138399E+03, 2.7656592111E-01, 1.7995609721E-04
-5.0118723363E+03, 2.7751083611E-01, 1.8858705838E-04
-4.8977881937E+03, 2.7845857387E-01, 1.9762718999E-04
-4.7863009232E+03, 2.7940914296E-01, 2.0709553776E-04
-4.6773514129E+03, 2.8036255192E-01, 2.1701201104E-04
-4.5708818961E+03, 2.8131880931E-01, 2.2739742056E-04
-4.4668359215E+03, 2.8227792368E-01, 2.3827351781E-04
-4.3651583224E+03, 2.8323990358E-01, 2.4966303594E-04
-4.2657951880E+03, 2.8420475758E-01, 2.6158973249E-04
-4.1686938347E+03, 2.8517249421E-01, 2.7407843381E-04
-4.0738027780E+03, 2.8614312205E-01, 2.8715508125E-04
-3.9810717055E+03, 2.8711664963E-01, 3.0084677941E-04
-3.8904514499E+03, 2.8809308552E-01, 3.1518184615E-04
-3.8018939632E+03, 2.8907243827E-01, 3.3018986485E-04
-3.7153522910E+03, 2.9005471643E-01, 3.4590173861E-04
-3.6307805477E+03, 2.9103992855E-01, 3.6234974677E-04
-3.5481338923E+03, 2.9202808320E-01, 3.7956760368E-04
-3.4673685045E+03, 2.9301918891E-01, 3.9759051979E-04
-3.3884415614E+03, 2.9401325426E-01, 4.1645526526E-04
-3.3113112148E+03, 2.9501028779E-01, 4.3620023606E-04
-3.2359365693E+03, 2.9601029805E-01, 4.5686552276E-04
-3.1622776602E+03, 2.9701329360E-01, 4.7849298198E-04
-3.0902954325E+03, 2.9801928300E-01, 5.0112631076E-04
-3.0199517204E+03, 2.9902827479E-01, 5.2481112377E-04
-2.9512092267E+03, 3.0004027753E-01, 5.4959503364E-04
-2.8840315031E+03, 3.0105529978E-01, 5.7552773440E-04
-2.8183829313E+03, 3.0207335008E-01, 6.0266108814E-04
-2.7542287033E+03, 3.0309443700E-01, 6.3104921516E-04
-2.6915348039E+03, 3.0411856908E-01, 6.6074858748E-04
-2.6302679919E+03, 3.0514575488E-01, 6.9181812604E-04
-2.5703957828E+03, 3.0617600296E-01, 7.2431930163E-04
-2.5118864315E+03, 3.0720932186E-01, 7.5831623968E-04
-2.4547089157E+03, 3.0824572014E-01, 7.9387582908E-04
-2.3988329190E+03, 3.0928520636E-01, 8.3106783506E-04
-2.3442288153E+03, 3.1032778907E-01, 8.6996501647E-04
-2.2908676528E+03, 3.1137347682E-01, 9.1064324737E-04
-2.2387211386E+03, 3.1242227817E-01, 9.5318164328E-04
-2.1877616239E+03, 3.1347420167E-01, 9.9766269210E-04
-2.1379620895E+03, 3.1452925587E-01, 1.0441723899E-03
-2.0892961309E+03, 3.1558744933E-01, 1.0928003819E-03
-2.0417379447E+03, 3.1664879060E-01, 1.1436401082E-03
-1.9952623150E+03, 3.1771328824E-01, 1.1967889559E-03
-1.9498445998E+03, 3.1878095080E-01, 1.2523484152E-03
-1.9054607180E+03, 3.1985178683E-01, 1.3104242429E-03
-1.8620871367E+03, 3.2092580489E-01, 1.3711266304E-03
-1.8197008586E+03, 3.2200301353E-01, 1.4345703791E-03
-1.7782794100E+03, 3.2308342130E-01, 1.5008750805E-03
-1.7378008287E+03, 3.2416703676E-01, 1.5701653047E-03
-1.6982436525E+03, 3.2525386847E-01, 1.6425707937E-03
-1.6595869074E+03, 3.2634392497E-01, 1.7182266629E-03
-1.6218100974E+03, 3.2743721482E-01, 1.7972736090E-03
-1.5848931925E+03, 3.2853374658E-01, 1.8798581258E-03
-1.5488166189E+03, 3.2963352879E-01, 1.9661327265E-03
-1.5135612484E+03, 3.3073657002E-01, 2.0562561751E-03
-1.4791083882E+03, 3.3184287881E-01, 2.1503937245E-03
-1.4454397707E+03, 3.3295246372E-01, 2.2487173639E-03
-1.4125375446E+03, 3.3406533331E-01, 2.3514060734E-03
-1.3803842646E+03, 3.3518149612E-01, 2.4586460887E-03
-1.3489628826E+03, 3.3630096071E-01, 2.5706311734E-03
-1.3182567386E+03, 3.3742373564E-01, 2.6875629013E-03
-1.2882495517E+03, 3.3854982946E-01, 2.8096509480E-03
-1.2589254118E+03, 3.3967925072E-01, 2.9371133916E-03
-1.2302687708E+03, 3.4081200797E-01, 3.0701770244E-03
-1.2022644346E+03, 3.4194810978E-01, 3.2090776733E-03
-1.1748975549E+03, 3.4308756468E-01, 3.3540605325E-03
-1.1481536215E+03, 3.4423038125E-01, 3.5053805052E-03
-1.1220184543E+03, 3.4537656803E-01, 3.6633025573E-03
-1.0964781961E+03, 3.4652613357E-01, 3.8281020824E-03
-1.0715193052E+03, 3.4767908593E-01, 4.0000652778E-03
-1.0471285481E+03, 3.4883538713E-01, 4.1794895328E-03
-1.0232929923E+03, 3.4999491726E-01, 4.3666838290E-03
-1.0000000000E+03, 3.5115754792E-01, 4.5619691532E-03
-9.7723722096E+02, 3.5232315073E-01, 4.7656789227E-03
-9.5499258602E+02, 3.5349159731E-01, 4.9781594238E-03
-9.3325430080E+02, 3.5466275928E-01, 5.1997702637E-03
-9.1201083936E+02, 3.5583650823E-01, 5.4308848358E-03
-8.9125093813E+02, 3.5701271580E-01, 5.6718907992E-03
-8.7096358996E+02, 3.5819125358E-01, 5.9231905720E-03
-8.5113803820E+02, 3.5937199321E-01, 6.1852018395E-03
-8.3176377110E+02, 3.6055480628E-01, 6.4583580772E-03
-8.1283051616E+02, 3.6173956442E-01, 6.7431090884E-03
-7.9432823472E+02, 3.6292613924E-01, 7.0399215576E-03
-7.7624711663E+02, 3.6411440236E-01, 7.3492796201E-03
-7.5857757503E+02, 3.6530422538E-01, 7.6716854463E-03
-7.4131024130E+02, 3.6649547992E-01, 8.0076598436E-03
-7.2443596008E+02, 3.6768803760E-01, 8.3577428742E-03
-7.0794578438E+02, 3.6888177003E-01, 8.7224944901E-03
-6.9183097092E+02, 3.7007654882E-01, 9.1024951845E-03
-6.7608297539E+02, 3.7127224559E-01, 9.4983466621E-03
-6.6069344801E+02, 3.7246873196E-01, 9.9106725254E-03
-6.4565422903E+02, 3.7366587953E-01, 1.0340118980E-02
-6.3095734448E+02, 3.7486355992E-01, 1.0787355560E-02
-6.1659500186E+02, 3.7606164475E-01, 1.1253075865E-02
-6.0255958607E+02, 3.7726000562E-01, 1.1737998325E-02
-5.8884365536E+02, 3.7845851416E-01, 1.2242866981E-02
-5.7543993734E+02, 3.7965704198E-01, 1.2768452278E-02
-5.6234132519E+02, 3.8085546069E-01, 1.3315551889E-02
-5.4954087386E+02, 3.8205364191E-01, 1.3884991550E-02
-5.3703179637E+02, 3.8325145724E-01, 1.4477625918E-02
-5.2480746025E+02, 3.8444877831E-01, 1.5094339451E-02
-5.1286138399E+02, 3.8564547673E-01, 1.5736047301E-02
-5.0118723363E+02, 3.8684142411E-01, 1.6403696238E-02
-4.8977881937E+02, 3.8803649207E-01, 1.7098265584E-02
-4.7863009232E+02, 3.8923055222E-01, 1.7820768175E-02
-4.6773514129E+02, 3.9042347617E-01, 1.8572251342E-02
-4.5708818961E+02, 3.9161513554E-01, 1.9353797907E-02
-4.4668359215E+02, 3.9280540195E-01, 2.0166527210E-02
-4.3651583224E+02, 3.9399414700E-01, 2.1011596146E-02
-4.2657951880E+02, 3.9518124232E-01, 2.1890200234E-02
-4.1686938347E+02, 3.9636655951E-01, 2.2803574697E-02
-4.0738027780E+02, 3.9754997019E-01, 2.3752995569E-02
-3.9810717055E+02, 3.9873134597E-01, 2.4739780817E-02
-3.8904514499E+02, 3.9991055848E-01, 2.5765291493E-02
-3.8018939632E+02, 4.0108747931E-01, 2.6830932897E-02
-3.7153522910E+02, 4.0226198009E-01, 2.7938155763E-02
-3.6307805477E+02, 4.0343393244E-01, 2.9088457471E-02
-3.5481338923E+02, 4.0460320795E-01, 3.0283383268E-02
-3.4673685045E+02, 4.0576967826E-01, 3.1524527521E-02
-3.3884415614E+02, 4.0693321497E-01, 3.2813534977E-02
-3.3113112148E+02, 4.0809368970E-01, 3.4152102053E-02
-3.2359365693E+02, 4.0925097406E-01, 3.5541978138E-02
-3.1622776602E+02, 4.1040493966E-01, 3.6984966911E-02
-3.0902954325E+02, 4.1155545813E-01, 3.8482927688E-02
-3.0199517204E+02, 4.1270240107E-01, 4.0037776772E-02
-2.9512092267E+02, 4.1384564009E-01, 4.1651488829E-02
-2.8840315031E+02, 4.1498504682E-01, 4.3326098276E-02
-2.8183829313E+02, 4.1612049287E-01, 4.5063700687E-02
-2.7542287033E+02, 4.1725184985E-01, 4.6866454208E-02
-2.6915348039E+02, 4.1837898937E-01, 4.8736580995E-02
-2.6302679919E+02, 4.1950178305E-01, 5.0676368652E-02
-2.5703957828E+02, 4.2062010250E-01, 5.2688171695E-02
-2.5118864315E+02, 4.2173381934E-01, 5.4774413015E-02
-2.4547089157E+02, 4.2284280519E-01, 5.6937585359E-02
-2.3988329190E+02, 4.2394693164E-01, 5.9180252814E-02
-2.3442288153E+02, 4.2504607033E-01, 6.1505052304E-02
-2.2908676528E+02, 4.2614009286E-01, 6.3914695089E-02
-2.2387211386E+02, 4.2722887085E-01, 6.6411968269E-02
-2.1877616239E+02, 4.2831227592E-01, 6.8999736296E-02
-2.1379620895E+02, 4.2939017967E-01, 7.1680942482E-02
-2.0892961309E+02, 4.3046245371E-01, 7.4458610515E-02
-2.0417379447E+02, 4.3152896968E-01, 7.7335845965E-02
-1.9952623150E+02, 4.3258959917E-01, 8.0315837794E-02
-1.9498445998E+02, 4.3364421381E-01, 8.3401859859E-02
-1.9054607180E+02, 4.3469268520E-01, 8.6597272410E-02
-1.8620871367E+02, 4.3573488497E-01, 8.9905523574E-02
-1.8197008586E+02, 4.3677068472E-01, 9.3330150838E-02
-1.7782794100E+02, 4.3779995606E-01, 9.6874782511E-02
-1.7378008287E+02, 4.3882257063E-01, 1.0054313917E-01
-1.6982436525E+02, 4.3983840002E-01, 1.0433903511E-01
-1.6595869074E+02, 4.4084731585E-01, 1.0826637974E-01
-1.6218100974E+02, 4.4184918974E-01, 1.1232917896E-01
-1.5848931925E+02, 4.4284389330E-01, 1.1653153657E-01
-1.5488166189E+02, 4.4383129815E-01, 1.2087765557E-01
-1.5135612484E+02, 4.4481127589E-01, 1.2537183949E-01
-1.4791083882E+02, 4.4578369815E-01, 1.3001849366E-01
-1.4454397707E+02, 4.4674843654E-01, 1.3482212644E-01
-1.4125375446E+02, 4.4770536266E-01, 1.3978735042E-01
-1.3803842646E+02, 4.4865434814E-01, 1.4491888360E-01
-1.3489628826E+02, 4.4959526459E-01, 1.5022155046E-01
-1.3182567386E+02, 4.5052798363E-01, 1.5570028307E-01
-1.2882495517E+02, 4.5145237686E-01, 1.6136012205E-01
-1.2589254118E+02, 4.5236831590E-01, 1.6720621756E-01
-1.2302687708E+02, 4.5327567237E-01, 1.7324383019E-01
-1.2022644346E+02, 4.5417431788E-01, 1.7947833175E-01
-1.1748975549E+02, 4.5506412405E-01, 1.8591520608E-01
-1.1481536215E+02, 4.5594496248E-01, 1.9256004970E-01
-1.1220184543E+02, 4.5681670480E-01, 1.9941857247E-01
-1.0964781961E+02, 4.5767922261E-01, 2.0649659805E-01
-1.0715193052E+02, 4.5853238754E-01, 2.1380006443E-01
-1.0471285481E+02, 4.5937607119E-01, 2.2133502424E-01
-1.0232929923E+02, 4.6021014518E-01, 2.2910764504E-01
-1.0000000000E+02, 4.6103448112E-01, 2.3712420946E-01
-9.7723722096E+01, 4.6184895064E-01, 2.4539111532E-01
-9.5499258602E+01, 4.6265342533E-01, 2.5391487553E-01
-9.3325430080E+01, 4.6344779959E-01, 2.6270211799E-01
-9.1201083936E+01, 4.6423209855E-01, 2.7175958531E-01
-8.9125093813E+01, 4.6500639395E-01, 2.8109413440E-01
-8.7096358996E+01, 4.6577075756E-01, 2.9071273597E-01
-8.5113803820E+01, 4.6652526116E-01, 3.0062247392E-01
-8.3176377110E+01, 4.6726997654E-01, 3.1083054450E-01
-8.1283051616E+01, 4.6800497549E-01, 3.2134425543E-01
-7.9432823472E+01, 4.6873032977E-01, 3.3217102482E-01
-7.7624711663E+01, 4.6944611118E-01, 3.4331837995E-01
-7.5857757503E+01, 4.7015239149E-01, 3.5479395590E-01
-7.4131024130E+01, 4.7084924249E-01, 3.6660549400E-01
-7.2443596008E+01, 4.7153673596E-01, 3.7876084015E-01
-7.0794578438E+01, 4.7221494368E-01, 3.9126794294E-01
-6.9183097092E+01, 4.7288393744E-01, 4.0413485156E-01
-6.7608297539E+01, 4.7354378902E-01, 4.1736971363E-01
-6.6069344801E+01, 4.7419457019E-01, 4.3098077272E-01
-6.4565422903E+01, 4.7483635274E-01, 4.4497636579E-01
-6.3095734448E+01, 4.7546920846E-01, 4.5936492033E-01
-6.1659500186E+01, 4.7609320913E-01, 4.7415495136E-01
-6.0255958607E+01, 4.7670842652E-01, 4.8935505826E-01
-5.8884365536E+01, 4.7731493242E-01, 5.0497392124E-01
-5.7543993734E+01, 4.7791279861E-01, 5.2102029780E-01
-5.6234132519E+01, 4.7850209688E-01, 5.3750301878E-01
-5.4954087386E+01, 4.7908289900E-01, 5.5443098429E-01
-5.3703179637E+01, 4.7965527676E-01, 5.7181315940E-01
-5.2480746025E+01, 4.8021930194E-01, 5.8965856955E-01
-5.1286138399E+01, 4.8077504633E-01, 6.0797629578E-01
-5.0118723363E+01, 4.8132258170E-01, 6.2677546967E-01
-4.8977881937E+01, 4.8186197983E-01, 6.4606526803E-01
-4.7863009232E+01, 4.8239331252E-01, 6.6585490743E-01
-4.6773514129E+01, 4.8291665154E-01, 6.8615363833E-01
-4.5708818961E+01, 4.8343206867E-01, 7.0697073908E-01
-4.4668359215E+01, 4.8393963569E-01, 7.2831550960E-01
-4.3651583224E+01, 4.8443942440E-01, 7.5019726481E-01
-4.2657951880E+01, 4.8493150656E-01, 7.7262532780E-01
-4.1686938347E+01, 4.8541595397E-01, 7.9560902271E-01
-4.0738027780E+01, 4.8589283840E-01, 8.1915766738E-01
-3.9810717055E+01, 4.8636223163E-01, 8.4328056573E-01
-3.8904514499E+01, 4.8682420546E-01, 8.6798699979E-01
-3.8018939632E+01, 4.8727883166E-01, 8.9328622158E-01
-3.7153522910E+01, 4.8772618200E-01, 9.1918744461E-01
-3.6307805477E+01, 4.8816632829E-01, 9.4569983517E-01
-3.5481338923E+01, 4.8859934229E-01, 9.7283250335E-01
-3.4673685045E+01, 4.8902529579E-01, 1.0005944937E+00
-3.3884415614E+01, 4.8944426057E-01, 1.0289947758E+00
-3.3113112148E+01, 4.8985630842E-01, 1.0580423062E+00
-3.2359365693E+01, 4.9026151111E-01, 1.0877473788E+00
-3.1622776602E+01, 4.9065994043E-01, 1.1181216722E+00
-3.0902954325E+01, 4.9105166816E-01, 1.1491771219E+00
-3.0199517204E+01, 4.9143676608E-01, 1.1809258835E+00
-2.9512092267E+01, 4.9181530598E-01, 1.2133803404E+00
-2.8840315031E+01, 4.9218735963E-01, 1.2465531111E+00
-2.8183829313E+01, 4.9255299882E-01, 1.2804570580E+00
-2.7542287033E+01, 4.9291229534E-01, 1.3151052949E+00
-2.6915348039E+01, 4.9326532095E-01, 1.3505111963E+00
-2.6302679919E+01, 4.9361214745E-01, 1.3866884061E+00
-2.5703957828E+01, 4.9395284662E-01, 1.4236508472E+00
-2.5118864315E+01, 4.9428749024E-01, 1.4614127309E+00
-2.4547089157E+01, 4.9461615009E-01, 1.4999885670E+00
-2.3988329190E+01, 4.9493889796E-01, 1.5393931745E+00
-2.3442288153E+01, 4.9525580562E-01, 1.5796416920E+00
-2.2908676528E+01, 4.9556694486E-01, 1.6207495892E+00
-2.2387211386E+01, 4.9587238745E-01, 1.6627326783E+00
-2.1877616239E+01, 4.9617220520E-01, 1.7056071262E+00
-2.1379620895E+01, 4.9646646986E-01, 1.7493894668E+00
-2.0892961309E+01, 4.9675525324E-01, 1.7940966138E+00
-2.0417379447E+01, 4.9703862710E-01, 1.8397458744E+00
-1.9952623150E+01, 4.9731666323E-01, 1.8863549625E+00
-1.9498445998E+01, 4.9758943342E-01, 1.9339420137E+00
-1.9054607180E+01, 4.9785700944E-01, 1.9825255996E+00
-1.8620871367E+01, 4.9811946308E-01, 2.0321247433E+00
-1.8197008586E+01, 4.9837686612E-01, 2.0827589352E+00
-1.7782794100E+01, 4.9862929034E-01, 2.1344481495E+00
-1.7378008287E+01, 4.9887680753E-01, 2.1872128611E+00
-1.6982436525E+01, 4.9911948946E-01, 2.2410740631E+00
-1.6595869074E+01, 4.9935740792E-01, 2.2960532852E+00
-1.6218100974E+01, 4.9959063469E-01, 2.3521726122E+00
-1.5848931925E+01, 4.9981924156E-01, 2.4094547038E+00
-1.5488166189E+01, 5.0004330030E-01, 2.4679228143E+00
-1.5135612484E+01, 5.0026288269E-01, 2.5276008141E+00
-1.4791083882E+01, 5.0047806053E-01, 2.5885132105E+00
-1.4454397707E+01, 5.0068890559E-01, 2.6506851707E+00
-1.4125375446E+01, 5.0089548965E-01, 2.7141425444E+00
-1.3803842646E+01, 5.0109788449E-01, 2.7789118879E+00
-1.3489628826E+01, 5.0129616191E-01, 2.8450204890E+00
-1.3182567386E+01, 5.0149039367E-01, 2.9124963922E+00
-1.2882495517E+01, 5.0168065157E-01, 2.9813684256E+00
-1.2589254118E+01, 5.0186700738E-01, 3.0516662280E+00
-1.2302687708E+01, 5.0204953289E-01, 3.1234202777E+00
-1.2022644346E+01, 5.0222829987E-01, 3.1966619214E+00
-1.1748975549E+01, 5.0240338012E-01, 3.2714234051E+00
-1.1481536215E+01, 5.0257484541E-01, 3.3477379053E+00
-1.1220184543E+01, 5.0274276753E-01, 3.4256395620E+00
-1.0964781961E+01, 5.0290721825E-01, 3.5051635120E+00
-1.0715193052E+01, 5.0306826936E-01, 3.5863459245E+00
-1.0471285481E+01, 5.0322599264E-01, 3.6692240369E+00
-1.0232929923E+01, 5.0338045988E-01, 3.7538361927E+00
-1.0000000000E+01, 5.0353174285E-01, 3.8402218805E+00
-9.7723722096E+00, 5.0367991335E-01, 3.9284217740E+00
-9.5499258602E+00, 5.0382504314E-01, 4.0184777742E+00
-9.3325430080E+00, 5.0396720401E-01, 4.1104330528E+00
-9.1201083936E+00, 5.0410646775E-01, 4.2043320968E+00
-8.9125093813E+00, 5.0424290614E-01, 4.3002207556E+00
-8.7096358996E+00, 5.0437659095E-01, 4.3981462890E+00
-8.5113803820E+00, 5.0450759398E-01, 4.4981574174E+00
-8.3176377110E+00, 5.0463598700E-01, 4.6003043743E+00
-8.1283051616E+00, 5.0476184179E-01, 4.7046389594E+00
-7.9432823472E+00, 5.0488523014E-01, 4.8112145954E+00
-7.7624711663E+00, 5.0500622384E-01, 4.9200863859E+00
-7.5857757503E+00, 5.0512489465E-01, 5.0313111756E+00
-7.4131024130E+00, 5.0524131437E-01, 5.1449476128E+00
-7.2443596008E+00, 5.0535555444E-01, 5.2610562150E+00
-7.0794578438E+00, 5.0546766840E-01, 5.3796994358E+00
-6.9183097092E+00, 5.0557768312E-01, 5.5009417355E+00
-6.7608297539E+00, 5.0568562330E-01, 5.6248496536E+00
-6.6069344801E+00, 5.0579151363E-01, 5.7514918848E+00
-6.4565422903E+00, 5.0589537881E-01, 5.8809393573E+00
-6.3095734448E+00, 5.0599724354E-01, 6.0132653150E+00
-6.1659500186E+00, 5.0609713251E-01, 6.1485454020E+00
-6.0255958607E+00, 5.0619507042E-01, 6.2868577513E+00
-5.8884365536E+00, 5.0629108197E-01, 6.4282830763E+00
-5.7543993734E+00, 5.0638519185E-01, 6.5729047665E+00
-5.6234132519E+00, 5.0647742477E-01, 6.7208089868E+00
-5.4954087386E+00, 5.0656780541E-01, 6.8720847809E+00
-5.3703179637E+00, 5.0665635848E-01, 7.0268241787E+00
-5.2480746025E+00, 5.0674310867E-01, 7.1851223081E+00
-5.1286138399E+00, 5.0682808068E-01, 7.3470775117E+00
-5.0118723363E+00, 5.0691129921E-01, 7.5127914677E+00
-4.8977881937E+00, 5.0699278895E-01, 7.6823693166E+00
-4.7863009232E+00, 5.0707257460E-01, 7.8559197919E+00
-4.6773514129E+00, 5.0715068086E-01, 8.0335553574E+00
-4.5708818961E+00, 5.0722713242E-01, 8.2153923498E+00
-4.4668359215E+00, 5.0730195398E-01, 8.4015511271E+00
-4.3651583224E+00, 5.0737517024E-01, 8.5921562233E+00
-4.2657951880E+00, 5.0744680590E-01, 8.7873365098E+00
-4.1686938347E+00, 5.0751688564E-01, 8.9872253633E+00
-4.0738027780E+00, 5.0758543418E-01, 9.1919608415E+00
-3.9810717055E+00, 5.0765247620E-01, 9.4016858654E+00
-3.8904514499E+00, 5.0771803640E-01, 9.6165484101E+00
-3.8018939632E+00, 5.0778213949E-01, 9.8367017036E+00
-3.7153522910E+00, 5.0784481015E-01, 1.0062304434E+01
-3.6307805477E+00, 5.0790607308E-01, 1.0293520967E+01
-3.5481338923E+00, 5.0796595299E-01, 1.0530521568E+01
-3.4673685045E+00, 5.0802447456E-01, 1.0773482644E+01
-3.3884415614E+00, 5.0808166250E-01, 1.1022586691E+01
-3.3113112148E+00, 5.0813754150E-01, 1.1278009468E+01
-3.2359365693E+00, 5.0819213625E-01, 1.1539913563E+01
-3.1622776602E+00, 5.0824547147E-01, 1.1808464249E+01
-3.0902954325E+00, 5.0829757183E-01, 1.2083830851E+01
-3.0199517204E+00, 5.0834846204E-01, 1.2366186835E+01
-2.9512092267E+00, 5.0839816680E-01, 1.2655709897E+01
-2.8840315031E+00, 5.0844671081E-01, 1.2952582052E+01
-2.8183829313E+00, 5.0849411875E-01, 1.3256989733E+01
-2.7542287033E+00, 5.0854041533E-01, 1.3569123878E+01
-2.6915348039E+00, 5.0858562524E-01, 1.3889180031E+01
-2.6302679919E+00, 5.0862977319E-01, 1.4217358434E+01
-2.5703957828E+00, 5.0867288386E-01, 1.4553864130E+01
-2.5118864315E+00, 5.0871498196E-01, 1.4898907060E+01
-2.4547089157E+00, 5.0875609218E-01, 1.5252702162E+01
-2.3988329190E+00, 5.0879623922E-01, 1.5615469479E+01
-2.3442288153E+00, 5.0883544777E-01, 1.5987434257E+01
-2.2908676528E+00, 5.0887374254E-01, 1.6368827055E+01
-2.2387211386E+00, 5.0891114822E-01, 1.6759883847E+01
-2.1877616239E+00, 5.0894768950E-01, 1.7160846131E+01
-2.1379620895E+00, 5.0898339109E-01, 1.7571961039E+01
-2.0892961309E+00, 5.0901827767E-01, 1.7993481445E+01
-2.0417379447E+00, 5.0905237396E-01, 1.8425666079E+01
-1.9952623150E+00, 5.0908570464E-01, 1.8868779638E+01
-1.9498445998E+00, 5.0911829441E-01, 1.9323092897E+01
-1.9054607180E+00, 5.0915016797E-01, 1.9788882826E+01
-1.8620871367E+00, 5.0918135001E-01, 2.0266432709E+01
-1.8197008586E+00, 5.0921186524E-01, 2.0756032254E+01
-1.7782794100E+00, 5.0924173834E-01, 2.1257977713E+01
-1.7378008287E+00, 5.0927099403E-01, 2.1772572003E+01
-1.6982436525E+00, 5.0929965698E-01, 2.2300124823E+01
-1.6595869074E+00, 5.0932775190E-01, 2.2840952774E+01
-1.6218100974E+00, 5.0935530350E-01, 2.3395379481E+01
-1.5848931925E+00, 5.0938233645E-01, 2.3963735712E+01
-1.5488166189E+00, 5.0940887547E-01, 2.4546359505E+01
-1.5135612484E+00, 5.0943494524E-01, 2.5143596285E+01
-1.4791083882E+00, 5.0946057047E-01, 2.5755798989E+01
-1.4454397707E+00, 5.0948577585E-01, 2.6383328191E+01
-1.4125375446E+00, 5.0951058608E-01, 2.7026552226E+01
-1.3803842646E+00, 5.0953502586E-01, 2.7685847308E+01
-1.3489628826E+00, 5.0955911988E-01, 2.8361597662E+01
-1.3182567386E+00, 5.0958289284E-01, 2.9054195643E+01
-1.2882495517E+00, 5.0960636943E-01, 2.9764041860E+01
-1.2589254118E+00, 5.0962957436E-01, 3.0491545300E+01
-1.2302687708E+00, 5.0965253232E-01, 3.1237123453E+01
-1.2022644346E+00, 5.0967526800E-01, 3.2001202433E+01
-1.1748975549E+00, 5.0969780611E-01, 3.2784217099E+01
-1.1481536215E+00, 5.0972017135E-01, 3.3586611179E+01
-1.1220184543E+00, 5.0974238840E-01, 3.4408837390E+01
-1.0964781961E+00, 5.0976448196E-01, 3.5251357554E+01
-1.0715193052E+00, 5.0978647674E-01, 3.6114642722E+01
-1.0471285481E+00, 5.0980839742E-01, 3.6999173288E+01
-1.0232929923E+00, 5.0983026872E-01, 3.7905439104E+01
-1.0000000000E+00, 5.0985211531E-01, 3.8833939594E+01
-9.0000000000E-01, 5.0994281912E-01, 4.2535091927E+01
-8.0000000000E-01, 5.1003352292E-01, 4.6236244259E+01
-7.0000000000E-01, 5.1012422673E-01, 4.9937396592E+01
-6.0000000000E-01, 5.1021493054E-01, 5.3638548925E+01
-5.0000000000E-01, 5.1030563434E-01, 5.7339701257E+01
-4.0000000000E-01, 5.1039633815E-01, 6.1040853590E+01
-3.0000000000E-01, 5.1048704196E-01, 6.4742005922E+01
-2.0000000000E-01, 5.1057774576E-01, 6.8443158255E+01
-1.0000000000E-01, 5.1066844957E-01, 7.2144310588E+01
 0.0000000000E+00, 5.1075915338E-01, 7.5845462920E+01
